G5_hyperethereal2
72*43
0.0000*1.0000|0|0
20,30
Border: Passable




0

1|1|1|1|1|1|1|1|1|1|1|1|1|1|1|1|1|1|1|1|1|1|1|1|1|1|1|1|1|1|1|1|1|1|1|1|1|1|1|1|1|1|1|1|1|1|1|1|1|1|1|1|1|1|1|1|1|1|1|1|1|1|1|1|1|1|1|1|1|1|1|1|1|1|1|1|1|1|1|1|1|1|1|1|1|1|1|1|1|1|1|1|1|1|1|1|1|1|1|1|1|1|1|1|1|1|1|1|1|1|1|1|1|1|1|1|1|1|1|1|1|1|1|1|1|1|1|1|1,4,3|1|1|1|1|1|1|1|1|1|1|1|1|1|1|1|1|1|1|1|1|1|1|1|1,3|1,3|1,3|1,3|1,3|1|1|1|1|1|1|1|1|1|1|1|1|1|1|1,3|1|1|1|1|1|1|1|1|1|1|1|1|1|1|1|0|0|0|0|4,3|1,3|1,3|1,3|1,3|1|1|1|1,3|1|1|1|1|1|1|1|1|1|1|1|1|1|1|1,3|1|1|1|1|1|1|1|1|1|1|1|1|1|1|1|0,6|0,6|0,6|1|1|1|1|1|1|1|1|1|1,3|1|1|1|1|1|1|1|1|1|1|1|1|1|1|1,3|1|1|1|1|1|1|1|1|1|1|1|1|1|1|1|0,6|0,6|0,6|0,6|4,3,6|1,3|1|1|1|1|1|1|1,3|1,3|1,3|1|1|1|1|1|1|1|1|1|1|1|1|1,3|1|1|1|1|1|1|1|1|1|1|1|1|1|1|1|0|0|0|1|1|1,3|1,3|1,3|1|1|1|1|1|1|1,3|1,3|1,3|1,3|1,3|1,3|1,3|1,3|1,3|1,3|1,3|1|1|1,3|1|1|1|1|1|1|1|1|1|1|1|1|1|1|1|0,6|0,6|0,6|1|1|1|1|1,3|1,3|1,3|1,3|1,3|1|1|1|1|1|1,11|1,11|1,11|1,11|1,11|1|1|1,3|1|1|1,3|1|1|1|1|1|1|1|1|1|1|1|1|1|1|1|0,6|0,6|0,6|1|1|1|1|1|1|1|1|1,3|1,3|1|1|1|1|0,11,6|0,11,6|0,11,6|0,11,6|1,11|1|1|1,3|1|1|1,3|1|1|1|1|1|1|1|1|1|1|1|1|1|1|1|1|1|1|1|1|1|1|1|1|1|1|1|1,3|1|1|1|1|0,11,6|0,11,6|0,11,6|0,11,6|1,11|1|1|1,3|1|1|1,3|1|1|1,3|1,3|1,3|1|1|1|1|1|1|1|1|1|1|1|1|1|1|1|1|1|1|1|1|1|1|1,3|1|1|1|1|0,11,6|0,11,6|0,11,6|0,11,6|1,11|1|1|1,3|1|1|1,3|1|1|1,3|1|1,3|1|1|1|1|1|1|1|1|1|1|1|1|1|1|1|1|1|1|1|1|1|1|1,3|1|1|1|1|0,11,6|0,11,6|0,11,6|0,11,6|1,11|1|1|1,3|1|1|1,3|1|1|1,3|1|1,3|1|1|1|1|1|1|1|1|1|1|1|1|1|1|1|0,2,6|0,2,6|0,2,6|0,2,6|0,2,6|4,3,6|1,3|1,3|1|1|1|1|0,11,6|0,11,6|0,11,6|0,11,6|1,11|1|1|1,3|1,3|1,3|1,3|1|1|4,3,6|1|1,3|1,3|1,3|1,3|1,3|1,3|1,3|1,3|1,3|1,3|1,3|1,3|1,3|1,3|4,3|0,2|0,2,6|0,2,6|0,2,6|0,2,6|1|1|1|1|1|1|1|1|0,11,6|0,11,6|0,11,6|0,11,6|1,11|1|1|1|1|1|1|1|1|0,6|1|1|1|1|1|1|1|1|1|1|1|1|1|1|1|1|1|1|1|1|1|1|1|1|1|1|1|1|1|0,11,6|0,11|0,11|0,11|1,11|1|1|1|1|1|1|1|1|0,6|0,6|0,6|0,6|1|1|1|1|1|1|1|1|1|1|1|1|1|1|1|1|1|1|1|1|1|1|1|1|1|1|0,11,6|0,11,6|0,11,6|0,2,11,6|1,11|1|1|1|1|1|1|1|1|0,6|0,6|0,6|0,6|1|1|1|1|1|0|0|1|1|1|1|1|1|1|1|1|1|1|1|0,2,6|0,2,6|0,2,6|1|1|1|1|0,2,11,6|0,11,6|0,2,11,6|0,2,11,6|1,11|1|1|1|1|1|1|1|1|0,6|0,6|0,6|0,6|3,6|4,3,6|1,3|4,3,6|0,6|0|0|1|1|1|1|1|1|1|1|1|1|1|1|0,6|0,6|0,6|1|1|1|1|0,2,6|0,6|0,11,6|0,2,11,6|1|1|1|1|1|1|1|1|1|0,6|0,6|0,6|0,6|1|1|1|1|1|0|0|0,2|0,2,6|1|1|1|1|1|1|1|1|0,6|0,6|0,6|0,6|0,6|1|1|1|1|0,2,6|0,6|0,6|0,2,11,6|1|1|1|1|1|1|1|1|1|0,6|0,6|0,6|0,6|1|1|1|1|1|1|1|1|1|1|1|1|1|1|1|1|1|1|1|1|1|1|1|1|1|1|0,2,6|0,6|0,6|0,2,6|1|1|1|1|1|1|1|1|1|0|0|0|0|1|1|1|1|0,6|0,6|0,6|1|1|1|1|1|1|1|1|1|1|0,2,6|0,2,6|0,6|0,6|0,6|1|1|1|1|0,2,6|0,6|0,2,6|0,2,6|1|1|1|1|1|1|1|1|1|0,1|0,1|0|0|1|1|1|1|1|0,6|0,6|1|1|1|1|1|1|1|1|1|1|0,2,6|0,2,6|0,2,6|0,2,6|0,6|1,3|1,3|4,3|0|0,2|0,2|0,2|0,2|1|1|1|1|1|1|1|1|1|0|0|0|0|1|1|1|1|1|0,6|0,6|1|1|1|1|1|1|1|1|1|1|0,6|0,6|0,2,6|0,6|0,6|1,3|1|1|1|0,2|0,2|0,2|0,2|1|1|1|1|1|1|1|1|1|0|0|0|0|3|4,3|1,3|4,3,6|0,1,6|0,1,6|0,1,6|1|1|1|1|1|1|1|1|1|1|0,6|0,6|0,2,6|0,6|0,6|1,3|1|1|1|1|1|0|1|1|1|1|1|1|1|1|1|1|0,6|0,6|0,6|0,6|1|1|1|1|1|0,6|0,6|1|1|1|1|1|1|1|1|1|1|0,6|0,2,6|0,2,6|0,2,6|0,2,6|1,3|1|1|1|1|1|0,6|1|1|1|1|1|1|1|1|1|1|0,6|0,6|0,6|0,6|1|1|1|1|0,6|0,6|0|1|1|1|1|1|1|1|1|1|1|0,6|0,2,6|0,2,6|0,2,6|0,6|1,3|1|1|1|1|1|0,6|1|1|1|1|1|1|1|1|1|1|0,6|0,6|0,6|0,6|1|1|1|1|1|1|1|1|1|1|1|1|1|1|1|1|1|1|1|1|1|1|1,3|1|0,6|0,6|0,2,6|0,6|0,6|1|1|1|0,6|1|1|1|1|1|1|0,6|0,6|0,6|0,6|1|1|1|1|1|1|1|1|1|1|1|1|1|1|1|1|1|1,3|1,3|1,3|1,3|1,3|1,3|1|0,6|1|1|1|0,6|0,6|0,2,6|0,6|0,6|1|1|1|1|1|1|0|0|0|0|1|1|1|1|0,1,6|0,6|0,1,6|1|1|1|1|1|1|1|1|1|1|0,2,3,6|0,6|0,6|0,6|0,6|1|1|0,6|0,6|0,2,6|0,6|0,6|0,6|0,2,6|0,6|0,6|0,6|4,3,6|1,3|1|1|1|0,2|0,2|0,2|0|1|1|1|1|1|0,1,6|0,1,6|1|1|1|1|1|1|1|1|1|1|0,2,3,6|0,6|0,6|0,6|0,6|1|1|0|0,6|0,2,6|0,6|0,6|1|1|1|0,6|1|1|1,3|1|1|1|0|0|0|1|1|1|1,3|4,3,6|0,1,6|0,1,6|0,1,6|1|1|1|1|1|1|1|1|1|1|0,2,3,6|0,2,6|0,6|0,6|0,6|1|1|1|1|1|1|1|1|1|1|1|1|1|1,3|1|1|1|0,6|0,6|0,6|1|1|1|1,3|1|1|0,6|0,1,6|1|1|1|1|1|1|1|1|1|1|0,3,6|0,2,6|0,6|0,6|0,6|0,6|4,3,6|1,3|1,3|1,3|1,3|1,3|1,3|1|1|1|1|1|1,3|1|1|1|0,6|0,6|0,6|0,6|1|1|1,3|1|1|0,1,3,6|0,1,3|0,3,6|0,6|1|1|1|1|1|1|1|1|0,3,6|0,2,6|0,6|0,6|0,6|1|1|1|1|1|1|1|1,3|1|1|1|1|1|1,3|1|1|1|0,6|0,6|0,6|1|1|1|1,3|1|1|0,1,3,6|0,6|0,3,6|0,6|2,2,6|1|1|1|1|1|1|2,2,6|0,2,3,6|0,2,6|0,2,6|0,6|0,6|1|1|0|0,6|0,6|0,6|4,3,6|1,3|1|1|1|1|1|1,3|1|1|1|0,6|0,6|0,6|0,6|1|1|1,3|1|0,1,6|0,3,6|0,6|0,2,3,6|0,2,6|0,2,6|0,6|0|0|0|0,6|0,6|0,6|0,3,6|0,2,6|0,2,6|0,2,6|0,2,6|1|1|0,6|0,6|0,6|1|1|1|1|1|1|1|1|1,3|1|1|1|0,6|0,6|0,6|0,6|1|1|1,3|1|1|1,3|1|1,3|1|1|1|1|1|1|1|1|1|1,3|1|1|1|1|1|1|0,6|0,6|0,6|1|1|1|1|1|1|1|1|1,3|1|1|1|0,6|0,6|0,6|0,6|0,6|4,3,6|1,3|1|1|1,3|1|1,3|1|1|1|1|1|1|1|1|1|1,3|1|1|1|1|1|1|0,6|0,6|0,6|1|1|1|1|1|1|1|1|1,3|1|1|1|0,6|0,6|0,6|0,6|1|1|1|1|1|1,3|1|1,3|1|1|1|1|1|1|1|1|1|1,3|1|1|1|1|1|1|0,6|0,6|0,6|1|1|1|1|1|1|1|1|1,3|1|1|1|0,6|0,6|0,6|0,6|1|1|1|1|1|1,3|1|1,3|1|1|1|1|1,3|1,3|1,3|1,3|1,3|1,3|1|1|1|1|1|1|0|0,6|0,6|1|1|0,6|0,6|0,6|1|1|1|1,3|1|1|1|0|0|0|0|1|1|1|1|1|1,3|1|4,3|1|1|1|1,3|1,3|1|1|1|1|1|1|1|1|1|1|1|1|1|0|1|1|0|0|0|0|4,3|1,3|1,3|1|1|1|0|0|0|0|1|1|1|1|1|1,3|1|0|1|1|1|1,3|1|1|1|1|1|1|1|1|1|1|1|1|1|1|4,3,6|1|1|0,6|0,6|0,6|1|1|1|1|1|1|1|0|0|0|0|1|0|0,2|0|0,2,6|0,2,3,6|0,6|0,6|0,6|0,6|0,6|0,2,3,6|0,6|0|0,2,6|0,2,6|0,2,6|0,2,6|0,6|0,6|4,3,6|1,3|1,3|1,3|1,3|1,3|1,3|1|1|0,6|0,6|0,6|1|1|1|1|1|1|1|0|0|0|0|1|0|0,2|0|0,6|0,2,3,6|0,2,6|0,6|0,6|0,6|0,2,6|0,2,3,6|0,6|0|0,6|0,2,6|0,2,6|0,6|0,6|1|1|1|1|1|1|1|1|1|1|0,6|0,6|0,6|1|1|1|1|1|1|1|0|0|0|0|1|1|1|1|1|1,3|1|1|1|1|1|1,3|1|1|1|1|1|1|1|1|1|1|1|1|1|1|1|1|1|0,6|0,6|0,6|1|1|1|1|1|1|1|0,2|0,2|0,2|0|1|1|1|1|1|1,3|1|1|1|1|1|1,3|1|1|1|1|1|1|1|1|1|1|1|1|1|1|1|1|1|0|0|0|1|1|1|1|1|1|1|0,6|0,6|0,6|0,6|1|1|1|1|1|1,3|1|1|1|1|1|1,3|1|1|1|1|1,3|1,3|1,3|1,3|1,3|1,3|1,3|1,3|1,3|1,3|1,3|4,3,6|0,6|0|0,6|0,6|1|1|1|1|1|1|1|0,6|0,6|0,6|0,6|1|1|1|1|1|1,3|1|1|1|1|1|1,3|1|1|1|1|1,3|1|1|1|1|1|1|1|1|1|1|1|1|1|1|1|1|1|1|1|1|1|1|0,6|0,2,6|0,6|0,6|1|1|1|1|1|1,3|1|1|1|1|1|1,3|1|1|1|1|1,3|1|1|1|1|1|1|1|1|1|1|1|1|1|1|1|1|1|1|1|1|1|1|0,6|0,2,6|0,6|0,6|1|1|1|1|1|1,3|1|1|1|1|1|1,3|1|1|1|1|4,3,2,6|1|1|1|1|1|1|1|1|1|1|1|1|1|1|1|1|1|1|1|1|1|1|0,6|0,2,6|0,6|0,6|1|1|1|1|1|1,3|1|1|1|1|1|1,3|1|1|1|1|0,6|1|1|1|1|1|1|1|1,3|1,3|1,3|1,3|1,3|1,3|1|1|1|1|1|1|1|1|1|0,6|0,6|0,6|0,6|1|1|1|1|0|0,3|0|0,2|0,2|0,2|0|0,3|0|0|0,6|0,2,6|0,6|0,2,6|0,6|0,6|0,6|0,6|1|1|1,3|1|1|1|1|1,3|1|1|1|1|1|1|1|1|1|0,6|0,6|0,6|0,6|1|1|1|1|1|1,3|1|1|1|1|1|1,3|1|1|1|1|1|0,2,6|0,6|0,6|0,2,6|0,2,6|1|1|1,3|1|1|1|1|1,3|1|1|1|1|1|1|1|1|1|0,6|0,6|0,6|0,6|1|1|1|1|1|4,3|1|1|1|1|1|1,3|1|1|1|1|1|0,2,6|0,6|0,2,6|0,2,6|0,2,6|1|1|1,3|1|1|1|1|4,3,6|1|1|1|1|1|1|1|1|1|1|1|1|1|1|1|1|1|1|0|1|1|1|1|1|1,3|1|1|1|1|1|0,2,6|0,2,6|0,2,6|0,6|0,2,6|1|1|1,3|1|1|1|1|0|1|1|1|1|1|1|1|1|1|1|1|1|1|1|1|1|1|0,6|0,2,6|0,2,6|0|0,6|0,6|0|0,2,3|0|0,2|0,2,6|0,6|0,6|0,2,6|0,2,6|0,2,6|0,6|0|0,6|4,3,6|1,3|1|1|1|1|0|0|0|0,6|1|1|1|1|1|1|1|1|1|1|1|1|1|1|0,6|0,2,6|0,6|0|0|0,6|0,6|0,3|0,2|0,2|0|0,6|0,6|0,2,6|0,2,6|0,6|0,6|0|1|1|1|1|1|1|1|0,6|0,6|0,6|0,6|1|1|1|1|0,6|0,6|0,6|0,6|1|1|1|1|1|1|1|1|1|1|1|1|1|1,3|1|1|1|1|1|1|1|1|1|1|1|1|1|1|1|1|1|0,6|0,6|0,6|0,6|1|1|1|1|1|1|1|1|1|1|1|1|1|1|1|1|1|1|1|1|1|4,3,2,6|1|1|1|1|1|1|1|1|1|1|1|1|1|1|1|1|1|0,6|0,6|0,6|0,6|1|1|1|1|1|1|1|1|1|1|1|1|1|1|1|0|0|0,6|0,2,6|0,6|1|0,2,6|1|0,6|0,6|0|0|1|1|1|1|1|1|1|1|1|1|1|1|0,6|0,6|0,6|0,6|1|1|1|1|1|1|1|1|1|1|1|1|1|1|1|0|0,6|0,6|0,2,6|0,6|0,6|0,2,6|0,2,6|0,6|0,6|0,6|0,2|1|1|1|1|1|1|1|1|1|1|1|1|0|0|0|0,6|0,6|4,3|1,3|1,3|1|1|1|1|1|1|1|1|1|1|1|0|0,6|0,6|0,2,6|0,6|0,6|0,6|0,2,6|0,6|0,6|0,2,6|0,2|1|1|1|1|1|1|1|1|1|1|1|1|0|0|0|0,6|1|1|1|1,3|1|1|1|1|1|1|1|1|1|1|1|0|0,6|0,6|0,2,6|0,6|0,6|0,6|0,6|0,2,6|0,6|0,2,6|0|1|1|1|1|1|1|1|1|1|1|1|1|0,6|0,6|0,6|0,6|1|1|1|1,3|1|1|1|1|1|1|1|1|1|1|1|0|0,6|0,2,6|0,6|0,6|0,6|0,1,6|0,1,6|0,2,6|0,6|0,2,6|0|1|1|1|1|1|1|1|1|1|1|1|1|0,6|0,6|0,6|0,6|1|1|1|1,3|1|1|1|1|1|1|1|1|1|1|1|0|0|0,2,6|0,6|0,6|0,6|0,1,6|0,6|0,2,6|0,2,6|0,2|0|1|1|1|1|1|1|1|1|1|1|1|1|0,6|0,6|0,6|0,6|1|1|1|1,3|1|1|1|1|1|1|1|1|1|1|1|1|1|1|1|1|1|0,2,1,6|1|1|1|1|1|1|1|1|1|1|1|1|1|1|1|1|1|1|1|1|1|1|1|1|1,3|1|1|1|1|1|1|1|1|1|1|1|1|1|1|1|1|1|4,3,6|1|1|1|1|1|1|1|1|1|1|1|1|1|1|1|1|1|1|1|1|1|1|1|1|1,3|1|1|1|1|1|1|1|1|1|1|1|1|1|1|1|1|1|1,3|1|1|1|1|1|1|1|1|1|1|1|1|1|1|1|1|1|1|1|1|1|1|1|1|1,3|1|1|1|1|1|1|1|1|1|1|1|1|1|1|1|1|1|1,3|1|1|1|1|1|1|1|1|1|1|1|1|1|1|1|1|1|1|1|1|1|1|1|1|1,4,3|1|1|1|1|1|1|1|1|1|1|1|1|1|1|1|1|1|1,3|1|1|1|1|1|1|1|1|1|1|1|1|1|1|1|1|1|1|1|1|1|1|1|1|1|1|1|1|1|1|1|1|1|1|1|1|1|1|1|1|1|1|1,3|1|1|1|1|1|1|1|1|1|1|1|1|1|1|1|1|1|1|1|1|1|1|1|1|1|1|1|1|1|1|1|1|1|1|1|1|1|1|1|1|1|1|1,4,3|1|1|1|1|1|1|1|1|1|1|1|1|1|1|1|1|1|1|1|1|1|1|1|1|1|
