OP_tower8
100*35
0.0000*1.0000|0|0
-220,-30|799,-40
Border: Passable




0

0,6|0|0|0,6|0|0|0|0|0|0|0|0|0|0|0|0|0,6|0,6|0,6|0,6|0,6|0,6|0|0|0|0|0|0|0|0|0|0,6|0|0|0,6|0,6|0|0|0,6|0|0|0|0|0|0|0|0|0|0|0|0|0|0|0|0|0|0|0|0|0|0|0|0|0|0|0|0,6|0|0|0,6|0,6|0|0|0,6|0|0|0|0|0|0|0|0|0|0|0|0|0|0|0|0|0|0|0|0|0|0|0|0|0|0|0|0,6|0|0|0,6|0,6|0|0|0,6|0|0|0|0|0|0|0|0|0|0|0|0|0|0|0|0|0|0|0|0|0|0|0|0|0|0|0|0,6|0|0|0,6|0,6|0|0|0,6|0|0|0|0|0|0|0|0|0|0|0|0|0|0|0|0|0,4,3|0|0|0|0|0|0|0|0|0|0|0,6|0|0|0,6|0,6|0|0|0,6|0|0|0|0|0|0|0|0|0|0|0|0|0|0|0|0|0,3|0|0|0|0|0|0|0|0|0|0|0,6|0|0|0,6|0,6|0|0|0,6|0,6|0,6|0|0|0|0|0|0|0|0|0|0|0|0|0|0|0,3|0|0|0|0|0|0|0|0|0|0|0,6|0|0|0,6|0,6|0|0|0,6|0|0|0|0|0|0|0|0|0|0|0|0|0|0|0|0|0,3|0|0|0|0|0|0|0|0|0|0|0,6|0|0|0,6|0,6|0,6|0|0,6|0|0|0|0|0|0|0|0|0|0|0|0|0|0|0|0|0,3|0|0|0|0|0|0|0|0|0|0|0,6|0|0,6|0,6|0,6|0,6|0,6|0,6|0,6|0|0|0|0|0|0|0|0|0|0|0|1|0|1|0|0,3|0|0|0|0|0|0|0|0|0|0,6|0,6|0,6|0,6|0,6|0,6|0,6|0,6|0,6|0,6|0|0|0|0|0|0|0|0|0|0|0|1|1|1|0|0,3|0|0|0|0|0|0|0|0|0|0,6|0,6|0,6|0,6|0,6|0,6|0,6|0,6|0,6|0,6|0|0|0|0|0|0|0|0|0|0|0|3,6|4,3,6|1,3|0,3|0,3|0|0|0|0|0|0|0|0|0|0,6|0,6|0,6|0,6|0,6|0,6|0,6|0,6|0,6|0,6|0|0|0|0|0|0|0|0|0|0|0|1|1|1|0|0|0|0|0|0|0|0|0|0|0|0,6|0,6|0,6|0,6|0,6|0,6|0,6|0,6|0,6|0,6|0|0|0|0|0|0|0|0|0|0|0|1|0|1|0|0|0|0|0|0|0|0|0|0|0|0,6|0,6|0,6|0,6|0,6|0,6|0,6|0,6|0,6|0,6|0|0|0|1|0|0|0|0|1|0|0|3,6|0|1|0|0|1|0|0|0|0|1|0|0|0|0,6|0,6|0,6|0,6|0,6|0,6|0,6|0,6|0,6|2,6|1|1|1|1|1|1|0|1|1|0|0|1|0|1|0|0|1|1|0|1|1|1|1|1|1|2,6|0,6|0,6|0,6|0,6|0,6|0,6|0,6|0,6|1|1|1|1|1|1|1|0|1|1|0|0|1|0|1|0|0|1|1|0|1|1|1|1|1|1|1|0,6|0,6|0,6|0,6|0,6|0,6|0,6|0,6|1|1|1|1|1|1|1|1|1|1|0|0|1|0|1|0|0|1|1|1|1|1|1|1|1|1|1|0,6|0,6|0,6|0,6|0,6|0,6|0,6|0,6|1|1|1|1|1|1|1|1|1|1|0|0|1|0|1|0|0|1|1|1|1|1|1|1|1|1|1|0,6|0,6|0,6|0,6|0,6|0,6|0,6|0,6|1|1|1|1|1|1|1|1|1|1|0|0|1|0|1|0|0|1|1|1|1|1|1|1|1|1|1|0,6|0,6|0,6|0,6|0,6|0,6|0,6|0,6|1|1|1|1|1|1|1|1|1|1|2|0|1|0|1|0|2|1|1|1|1|1|1|1|1|1|1|0,6|0,6|0,6|0,6|0,6|0,6|0,6|0,6|1|1|1|1|1|1|1|1|1|1|1|0|1|0|1|0|1|1|1|1|1|1|1|1|1|1|1|0,6|0,6|0,6|0,6|0,6|0,6|0,6|0,6|1|1|1|1|1|1|1|1|1|1|1|0|1|0,6|0,6|0|1|1|1|1|1|1|1|1|1|1|1|0,6|0,6|0,6|0,6|0,6|0,6|0,6|0,6|1|1|1|1|1|1|1|1|1|1|1|0|1|0|0,6|0|1|1|1|1|1|1|1|1|1|1|1|0,6|0,6|0,6|0,6|0,6|0,6|0,6|0,6|3,6|1,3|1,3|1,3|1,5,3|1|1|1|1|1|1|0|1|0|1|0|1|1|1|1|1|1|1|1|1|1|1|0,6|0,6|0,6|0,6|0,6|0,6|0,6|0,6|1|1|1|1|1|1|1|1|1|1|2|0|1|0|1|0|2|1|1|1|1|1|1|1|1|1|1|0,6|0,6|0,6|0,6|0,6|0,6|0,6|0,6|1|1|1|1|1|1|1|1|1|1|0|0|1|0|1|0|0|1|1|1|1|1|1|1|1|1|1|0,6|0,6|0,6|0,6|0,6|0,6|0,6|0,6|1|1|1|1|1|1|1|1|1|1|0|0|1|0|1|0|0|1|1|1|1|1|1|1|1|1|1|0,6|0,2,6|0,6|0,6|0,6|0,6|0,6|0,6|3,6|4,3|1,3|1,3|1,3|1,3|1,3|1,3|1,3|1,3|0,3|0,3|1,3|0,3|1,3|0,3|0,3|1,3|1,3|1,3|1,3|1,3|1,3|1,3|1,3|4,3|0,1,6|0,1,6|0,2,1,6|0,6|0,6|0,6|0,6|0,6|0,6|1|1|1|1|1|1|1|1|1|1|0|0|1|0|1|0|0|1|1|1|1|1|1|1|1|1|1|0,6|0,2,6|0,6|0,6|0,6|0,6|0,6|0,6|1|1|1|1|1|1|1|1|1|1|0|0|1|0|1|0|0|1|1|1|1|1|1|1|1|1|1|0,6|0,2,6|0,6|0,6|0,6|0,6|0,6|0,6|1|1|1|1|1|1|1|1|1|1|0|0|1|0|1|0|0|1|1|1|1|1|1|1|1|1|1|0,6|0,2,6|0,6|0,6|0,6|0,6|0,6|0,6|3,6|4,3|1,3|1,3|1,3|1|1|1|1|1|2|0|1|0|1|0|2|1|1|1|1|1|1|1|1|1|1|0,6|0,2,6|0,6|0,6|0,6|0,6|0,6|0,6|1|1|1|1|1,3|1|1|1|1|1|1|0|1|0|1|0|1|1|1|1|1|1|1|1|1|1|1|0,6|0,2,6|0,6|0,6|0,6|0,6|0,6|0,6|1|1|1|1|1,3|1|1|1|1|1|1|0|3,6|0|1|0|1|1|1|1|1|1|1|1|1|1|1|0,6|0,2,6|0,6|0,6|0,6|0,6|0,6|0,6|1|1|1|1|1,3|1|1|1|1|1|1|0|1|0|1|0|1|1|1|1|1|1|1|1|1|1|1|0,6|0,2,6|0,6|0,6|0,6|0,6|0,4,3,6|0,3,6|1,3|1,3|1,3|1,3|1,3|1|1|1|1|1|1|0|1|0|1|0|1|1|1|1|1|1|1|1|1|1|1|0,6|0,2,6|0,6|0,6|0,6|0,6|0,6|0,6|1|1|1|1|1|1|1|1|1|1|2|0|1|0|1|0|2|1|1|1|1|1|1|1|1|1|1|0,6|0,2,6|0,6|0,6|0,6|0,6|0,6|0,6|1|1|1|1|1|1|1|1|1|1|0|0|1|0|1|0|0|1|1|1|1|1|1|1|1|1|1|0,6|0,2,6|0,6|0,6|0,6|0,6|0,6|0,6|1|1|1|1|1|1|1|1|1|1|0|0|1|0|1|0|0|1|1|1|1|1|1|1|1|1|1|0,1,6|0,2,1,6|0,6|0,6|0,6|0,6|0,6|0,6|1|1|1|1|1|1|1|1|1|1|0|0|1|0|1|0|0|1|1|1|1|1|1|1|1|1|1|0,6|0,2,6|0,6|0,6|0,6|0,6|0,6|0,6|1|1|1|1|1|1|1|0|1|1|0|0|1|0|1|0|0|1|1|0|1|1|1|1|1|1|1|0,6|0,2,6|0,6|0,6|0,6|0,6|0,6|0,6|2,6|1|1|1|1|1|1|0|1|1|0|0|1|0|1|0|0|1|1|0|1|1|1|1|1|1|2,6|0,6|0,2,6|0,6|0,6|0,6|0,6|0,6|0,6|0,6|0|0|0|1|0|0|0|0|1|0|0|1|0|1|0|0|1|0|0|0|0|1|0|0|0|0,6|0,6|0,2,6|0,6|0,6|0,6|0,6|0,6|0,6|0,6|0|0|0|0|0|0|0|0|0|0|0|0,6|0|1|0|0|0|0|0|0|0|0|0|0|0|0,6|0,6|0,2,6|0,6|0,6|0,6|0,6|0,6|0,6|0,6|0|0|0|0|0|0|0|0|0|0|0|0,6|0|1|0|0|0|0|0|0|0|0|0|0|0|0,6|0,6|0,2,6|0,6|0,6|0,6|0,6|0,6|0,6|0,6|0|0|0|0|0|0|0|0|0|0|0|1|0|1|0|0|0|0|0|0|0|0|0|0|0|0,6|0,6|0,2,6|0,6|0,6|0,6|0,6|0,6|0,6|0,6|0|0|0|0|0|0|0|0|0|0|0|1|0|3,6|0,1|0,1|0,1|0,1|0,1|0,1|0|0|0|0|0|0,6|0,6|0,2,6|0,6|0,6|0,6|0,6|0,6|0,6|0,6|0|0|0|0|0|0|0|0|0|0|0|1|0,6|1|0|0|0|0|0|0|0|0|0|0|0|0,6|0,6|0,6|0,6|0,6|0,6|0,6|0,6|0,6|0,6|0|0|0|0|0|0|0|0|0|0|0|1|0|1|0|0|0|0|0|0|0|0|0|0|0|0,6|0,6|0,6|0,6|0,6|0,6|0,6|0,6|0,6|0,6|0|0|0|0|0|0|0|0|0|0|0|1|0|1|0|0|0|0|0|0|0|0|0|0|0|0,6|0,6|0,6|0,6|0,6|0,6|0,6|0,6|0,6|0,6|0|0|0|0|0|0|0|0|0|0|0|1|0|1|0|0|0|0|0|0|0|0|0|0|0|0,6|0,6|0,6|0,6|0,6|0,6|0,6|0,6|0,6|0,6|0|0|0|0|0|0|0|0|0|0|0|1|0|1|0|0|0|0|0|0|0|0|0|0|0|0,6|0,6|0,6|0,6|0,6|0,6|0,6|0,6|0,6|0,6|0|0|0|0|0|0|0|0|0|0|0|1|0|0,6|0|0|0|0|0|0|0|0|0|0|0|0,6|0,6|0,6|0,6|0,6|0,6|0,6|0,6|0,6|0,6|0|0|0|0|0|0|0|0|0|0|0|1|0,1|0,1,6|0,1|0,1|0,1|0,1|0,1|0,1|0,1|0,1|0|0|0|0,6|0,6|0,6|0,6|0,6|0,6|0,6|0,6|0,6|0,6|0|0|0|0|0|0|0|0|0|0|0|0,6|0|0,6|0|0|0|0|0|0|0|0|0|0|0|0,6|0,6|0,6|0,6|0,6|0,6|0,6|0,6|0,6|0,6|0|0|0|0|0|0|0|0|0|0|0|0,6|0|0,6|0|0|0|0|0|0|0|0|0|0|0|0,6|0,6|0,6|0,6|0,6|0,6|0,6|0,6|0,6|0,6|0|0|0|0|0|0|0|0|0|0|0|0,6|0|0,6|0|0|0|0|0|0|0|0|0|0|0|0,6|0,6|0,6|0,6|0,6|0,6|0,6|0,6|0,6|0,6|0|0|0|0|0|0|0|0|0|1|1|1|0|0,6|0|0|0|0|0|0|0|0|0|0|0|0,6|0,6|0,6|0,6|0,6|0,6|0,6|0,6|0,6|0,6|0|0|0|0|0|0|0|0|0|1|1|1|0,1|0,1,6|0,1|0,1|0|0|0|0|0|0|0|0|0|0,6|0,6|0,6|0,6|0,6|0,6|0,6|0,6|0,6|0,6|0|0|0|0|0|0|0|0|0|1|1|1|0|0,6|0|0|0|0|0|0|0|0|0|0|0|0,6|0,6|0,6|0,6|0,6|0,6|0,6|0,6|0,6|0,6|0|0|0|0|0|0|0|0|0|0|0|0,6|0|0,6|0|0|0|0|0|0|0|0|0|0|0|0,6|0,6|0,6|0,6|0,6|0,6|0,6|0,6|0,6|0,6|0|0|0|0|0|0|0|0|0|0|0|0,6|0|0,6|0|0|0|0|0|0|0|0|0|0|0|0,6|0,6|0,6|0,6|0,6|0,6|0,6|0,6|0,6|0,6|0|0|0|0|0|0|0|0|0|0|0|0,6|0|0,6|0|0|0|0|0|0|0|0|0|0|0|0,6|0,6|0,6|0,6|0,6|0,6|0,6|0,6|0,6|0,6|0|0|0|0|0|0|0|0|0|0|0|0,6|0|0,6|0|0|0|0|0|0|0|0|0|0|0|0,6|0,6|0,6|0,6|0,6|0,6|0,6|0,6|0,6|0,6|0|0|0|0|0|0|0|0|0|1|1|1|0|0,6|0|0|0|0|0|0|0|0|0|0|0|0,6|0,6|0,6|0,6|0,6|0,6|0,6|0,6|0,6|0,6|0|0|0|0|0|0|0|0|0|1|1|1|0,1|0,1,6|0,1|0,1|0,1|0,1|0|0|0|0|0|0|0|0,6|0,6|0,6|0,6|0,6|0,6|0,6|0,6|0,6|0,6|0|0|0|0|0|0|0|0|0|1|1|1|0|0,6|0|0|0|0|0|0|0|0|0|0|0|0,6|0,6|0,6|0,6|0,6|0,6|0,6|0,6|0,6|0,6|0|0|0|0|0|0|0|0|0|0|0|0,6|0|0,6|0|0|0|0|0|0|0|0|0|0|0|0,6|0,6|0,6|0,6|0,6|0,6|0,6|0,6|0,6|0,6|0|0|0|0|0|0|0|0|0|0|0|0,6|0|0,6|0|0|0|0|0|0|0|0|0|0|0|0,6|0,6|0,6|0,6|0,6|0,6|0,6|0,6|0,6|0,6|0|0|0|0|0|0|0|0|0|0|0|0,6|0|1|0,1|0,1|0,1|0|0|0|0|0|0|0|0|0,6|0,6|0,6|0,6|0,6|0,6|0,6|0,6|0,6|0,6|0|0|0|0|0|0|0|0|0|0|0|1|0|1|0|0|0|0|0|0|0|0|0|0|0|0,6|0,6|0,6|0,6|0,6|0,6|0,6|0,6|0,6|0,6|0|0|0|0|0|0|0|0|0|0|0|1|0|1|0|0|0|0|0|0|0|0|0|0|0|0,6|0,6|0,6|0,6|0,6|0,6|0,6|0,6|0,6|0,6|0|0|0|0|0|0|0|0|0|0|0|1|0|1|0|0|0|0|0|0|0|0|0|0|0|0,6|0,6|0,6|0,6|0,6|0,6|0,6|0,6|0,6|0,6|0|0|0|0|0|0|0|0|0|0|0|1|0|3,6|0,1|0,1|0,1|0,1|0|0|0|0|0|0|0|0,6|0,6|0,6|0,6|0,6|0,6|0,6|0,6|0,6|0,6|0|0|0|0|0|0|0|0|0|0|0|1|0,6|1|0|0|0|0|0|0|0|0|0|0|0|0,6|0,6|0,6|0,6|0,6|0,6|0,6|0,6|0,6|0,6|0|0|0|0|0|0|0|0|0|0|0|1|0|1|0|0|0|0|0|0|0|0|0|0|0|0,6|0,6|0,6|0,6|0,6|0,6|0,6|0,6|0,6|0,6|0|0|0|1|0|0|0|0|1|0|0|1|0|1|0|0|1|0|0|0|0|1|0|0|0|0,6|0,6|0,6|0,6|0,6|0,6|0,6|0,6|0,6|2,6|1|1|1|1|1|1|0|1|1|0|0|0,6|0|1|0|0|1|1|0|1|1|1|1|1|1|2,6|0,6|0,6|0,6|0,6|0,6|0,6|0,6|0,6|1|1|1|1|1|1|1|0|1|1|0|0|0,6|0|1|0|0|1|1|0|1|1|1|1|1|1|1|0,6|0,6|0,6|0,6|0,6|0,6|0,6|0,6|1|1|1|1|1|1|1|1|1|1|0|0|1|0|1|0|0|1|1|1|1|1|1|1|1|1|1|0,6|0,6|0,6|0,6|0,6|0,6|0,6|0,6|1|1|1|1|1|1|1|1|1|1|0|0|1|0|1|0|0|1|1|1|1|1|1|1|1|1|1|0,6|0,6|0,6|0,6|0,6|0,6|0,6|0,6|1|1|1|1|1|1|1|1|1|1|0|0|1|0|1|0|0|1|1|1|1|1|1|1|1|1|1|0,6|0,6|0,6|0,6|0,6|0,6|0,6|0,6|1|1|1|1|1|1|1|1|1|1|2|0|1|0|1|0|2|1|1|1|1|1|1|1|1|1|1|0,6|0,6|0,6|0,6|0,6|0,6|0,6|0,6|1|1|1|1|1|1|1|1|1|1|1|0|1|0|1|0|1|1|1|1|1|1|1|1|1|1|1|0,6|0,6|0,6|0,6|0,6|0,6|0,6|0,6|1|1|1|1|1|1|1|1|1|1|1|0|1|0|1|0|1|1|1|1|1|1|1|1|1|1|1|0,6|0,6|0,6|0,6|0,6|0,6|0,6|0,6|1|1|1|1|1|1|1|1|1|1|1|0|1|0|1|0|1|1|1|1|1|1|1|1|1|1|1|0,6|0,6|0,6|0,6|0,6|0,6|0,6|0,6|1|1|1|1|1|1|1|1|1|1|1|0|1|0|1|0|1|1|1|1|1|1|1|1|1|1|1|0,6|0,6|0,6|0,6|0,6|0,6|0,6|0,6|3,6|4,3|1,3|1,3|1,3|1|1|1|1|1|2|0|1|0|1|0|2|1|1|1|1|1|1|1|1|1|1|0,6|0,6|0,6|0,6|0,6|0,6|0|0,6|1|1|1|1|1|1|1|1|1|1|0|0|1|0|1|0|0|1|1|1|1|1|1|1|1|1|1|0,6|0|0,6|0,6|0,6|0|0|0,6|1|1|1|1|1|1|1|1|1|1|0|0|1|0|1|0|0|1|1|1|1|1|1|1|1|1|1|0,6|0|0|0,6|0,6|0|0|0,6|1|1|1|1|1|1|1|1|1|1|0|0|1|0|1|0|0|3|4,3|1,3|1,3|1,3|1,9,3|1|1|1|1|0,6|0|0|0,6|0,6|0|0|0,6|3|4,3|1,3|1,3|1,3|1,5,3|1|1|1|1|0|0|1|1|1|0|0|1|1|1|1|1|1|1|1|1|1|0,6|0|0|0,6|0,6|0|0|0,6|1|1|1|1|1|1|1|1|1|1|0|0|3,6|4,3|1,3|0,3|0,3|1,3|1|1|1|1|1|1|1|1|1|0,6|0|0|0,6|0,6|0|0|0,6|1|1|1|1|1|1|1|1|1|1|0|0|1|1|1|0|0|1,3|1|1|1|1|1|1|1|1|1|0,6|0|0|0,6|0,6|0|0|0,6|1|1|1|1|1|1|1|1|1|1|2|0|1|0|1|0|2|1,3|1|1|1|1|1|1|1|1|1|0,6|0|0|0,6|0,6|0|0|0,6|3|4,3|1,3|1,3|1,3|1,9,3|1|1|1|1|1|0|1|0|1|0|1|1,3|1|1|1|1|1|1|1|1|1|0,6|0|0|0,6|0,6|0|0|0,6|1|1|1|1|1|1|1|1|1|1|1|0|1|0|1|0|1|1,4,3|1|1|1|1|1|1|1|1|1|0,6|0|0|0,6|0,6|0|0|0,6|1|1|1|1|1|1|1|1|1|1|1|0|1|0|1|0|1|1|1|1|1|1|1|1|1|1|1|0,6|0|0|0,6|0,6|0|0|0,6|1|1|1|1|1|1|1|1|1|1|1|0|1|0|1|0|1|1|1|1|1|1|1|1|1|1|1|0,6|0|0|0,6|
