TT_rail2
236*35
0.0000*1.0000|0|0
-220,-30|741,-34|1685,-37|2625,-34|3569,-30
Border: Passable




0

1|1|1|1|1|1|1|0|1|0|1|0|1|1|1|1|1|1|1|1|1|1|1|0|0|0|0|0|0|0|0|0|0|0|0|1|1|1|1|1|1|1|0|1|0|1|0|1|1|1|1|1|1|1|1|1|1|1|0|0|0|0|0|0|0|0|0|0|0|0|1|1|1|1|1|1|2|0|1|0|1|0|2|1|1|1|1|1,4,3|1|1|1,5,3|1|1|0|0|0|0|0|0|0|0|0|0|0|0|1|1|1|1|1|1|0|0|1|0|1|0|0|1|1|1|1|1,3|1|1|1,3|1|1|0|0|0|0|0|0|0|0|0|0|0|0|1|1|1|1|1|1|0|0|1|0|1|0|0|1|1|1|1|1,3|1|1|1,3|1|1|0|0|0|0|0|0|0|0|0|0|0|0|1|1|1|1|1|1|0|0|1|0|1|0|0|1|1|1|1|1,3|1|1|1,3|1|1|2|0|0|0|0|0,2|0|0|0|0|0|0|1|1|1|1|1|1|0|0|1|0|1|0|0|1|1|1|1|1,3|1|1|1,3|1|1|1|0|0|0|0|0,2|0|0|0|0|0|0|1|1|1|1|1|1|0|0|1|0|1|0|0|1|1|1|1|1,3|1|1|1,3|1,3|4,3|0,1|0,1|0,1|0,1|0,1|0,1,2|0,1|0|0|0|0|0|1|1|1|1|1|1|0|0|1|0|1|0|0|1|1|1|1|1,3|1|1|1|1|1|1|0|0|0|0|0,2|0|0|0|0|0|0|1|1|1|1|1|1|0|0|1|0|1|0|0|1|1|1|1|1,3|1|1|1|1|1|1|0|0|0|0|0,2|0|0|0|0|0|0|1|1|1|1|1|1|0|0|1|0|1|0|0|1|1|1|1|1,3|1,3|1,3|1,3|1,3|4,3|0,1|0,1|0,1|0,1|0,1|0,1,2|0,1|0|0|0|0|0|1|1|1|1|1|1|0|0|1|0|1|0|0|1|1|1|1|1|1|1|1|1|1|1|0|0|0|0|0,2|0|0|0|0|0|0|1|1|1|1|1|1|0|0|1|0|1|0|0|1|1|1|1|1|1|1|1|1|1|2|0|0|0|0|0,2|0|0|0|0|0|0|1|1|1|1|1|1|0|0|1|0|1|0|0|1|1|1|1|1|1|1|1|1|1|0|0|0|0|0|0|0|0|0|0|0|0|1|1|1|1|1|1|0|0|1|0|1|0|0|1|1|1|1|1|1|1|1|1|1|0|0|0|0|0|0|0|0|0|0|0|0|1|1|1|1|1|1|2|0|1|0|1|0|2|1|1|1|1|1|1|1|1|1|1|0|0|0|0|0|0|0|0|0|0|0|0|1|1|1|1|1|1|1|0|1|0|1|0|1|1|1|1|1|1|1|1|1|1|1|0|0|0|0|0|0|0|0|0|0|0|0|1|1|1|1|1|1|1|0|1|0|1|0|1|1|1|1|1|1|1|1|1|1|1|0|0|0|0|0|0,2|0|0|0|0|0|0|1|1|1|1|1|1|1|0|1|0|1|0|1|1|1|1|1|1|1|1|1|1|1|0,1|0,1|0,1|0,1|0,1|0,1,2|0,1|0|0|0|0|0|1|1|1|1|1|1|1|0|1|0|1|0|1|1|1|1|1|1|1|1|1|1|1|0|0|0|0|0|0,2|0|0|0|0|0|0|1|1|1|1,9,3|1|1|2|0|1|0|1|0|2|1|1|1|1|1|1,9,3|1,3|1,3|4,3,6|0,1|0,1|0|0|0|0|0,2|0|0|0|0|0|0|1|1|1|1,3|1|1|0|0|1|0|1|0|0|1|1|1|1|1|1|1|1|1|1|0|0|0|0|0|0,2|0|0|0|0|0|0|1|1|1|1,3|1|1|0|0|1|0|1|0|0|1|1|1|1|1,3|1,3|1,3|1,3|4,3,6|0,1|0,1|0|0|0|0|0,2|0|0|0|0|0|0|1|1|1|4,3|1|1|0|0|1|0|1|0|0|1|1|1|1|1,3|1|1|1|1|1|0|0|0|0|0|0,2|0|0|0|0|0|0|1|1|1|0|1|1|0|0|1|0|1|0|0|1|1|0|1|1,3|1|1|1|1|1|0,1|0,1|0,1|0,1|0,1|0,2,1|0,1|0|0|0|0|0|1|1|1|0|1|1|0|0|1|0|1|0|0|1|1|0|1|4,3|1|1|1|1|2|0|0|0|0|0|0,2|0|0|0|0|0|0|1|0|0|0|0|1|0|0|1|0|1|0|0|1|0|0|1|0,2|1|0|0|0,6|0|0|0|0|0|0|0|0|0|0|0|0|0|0|0|0|0|0|0|0|0|1|0|1|0|0|0|0|0|0|0,2|0,6|0|0|0,6|0|0|0|0|0|0|0|0|0|0|0|0|0|0|0|0|0|0|0|0|0|1|0|1|0|0|0|0|0|0|0|0,6|0|0|0,6|0|0|0|0|0|0|0|0|0|0|0|0|0|0|0|0|0|0|0|0|0|1|0|1|0|0|0|0|0|0|0|0,6|0|0|0,6|0|0|0|0|0|0|0|0|0|0|0|0|0|0|0|0|0|0|0|0|0|1|0|1|0|0|0|0|0|0|0|0,6|0|0|0,6|0|0|0|0|0|0|0|0|0|0|0|0|0|0|0|0|0|0|0|0|0|1|0|1|0|0|0|0|0|0|0|0,6|0|0|0,6|0|0|0|0|0|0|0|0|0|0|0|0|0|0|0|0|0|0|0|0|0|1|0,6|1|0,6|0,6|0,6|0,6|0,6|0,6|0,2,6|0,6|0,6|0,6|0,6|0,6|0,6|0,6|0,6|0,6|0,6|0,6|0,6|0,6|0,6|0,6|0,6|0,6|0,6|0,6|0,6|0,6|0,6|0,6|0,6|0,6|1|0,6|3,6|0,1,6|0,1,6|0,1,6|0,1,6|0,1,6|0,1,6|0,1,2,6|0,1,6|0,6|0,6|0,6|0,6|0,6|0,6|0,6|0,6|0,6|0,6|0,6|0,6|0,6|0,6|0,6|0,6|0|0|0,6|0,6|0,6|0,6|0,6|0,6|1|0,6|1|0,6|0,6|0,6|0,6|0,6|0,6|0,2,6|0,6|0,6|0,6|0,6|0,6|0|0|0|0|0|0|0|0|0|0|0|0|0|0|0,6|0,6|0,6|0,6|0,6|0,6|1|0,6|1|0,6|0,6|0,6|0,6|0,6|0,6|0,6|0,6|0,6|0,6|0,6|0,6|0|0|0|0|0|0|0|0|0|0|0|0|0|0|0,6|0,6|0,6|0,6|0,6|0,6|1|0,6|1|0,6|0,6|0,6|0,6|0,6|0,6|0,6|0,6|0,6|0,6|0,6|0,6|0|0|0|0|0|0|0|0|0|0|0|0|0|0|0,6|0,6|0,6|0,6|0,6|0,6|1|0,6|1|0,6|0,6|0,6|0,6|0,6|0,6|0,6|0,6|0,6|0,6|0,6|0,6|0|0|0|0|0|0|0|0|0|0|0|0|0|0|0,6|0,6|0,6|0,6|0,6|0,6|1|0,6|1|0,6|0,6|0,6|0,6|0,6|0,6|0,6|0,6|0,6|0,6|0,6|0,6|0|0|0|0|0|0|0|0|0|0|0|0|0,6|0,6|0,6|0,6|0,6|0,6|0,6|0,6|1|0,6|1|0,6|0,6|0,6|0,6|0,6|0,6|0,6|0,6|0,6|0,6|0,6|0,6|0,6|0,6|0,6|0,6|0,6|0,6|0,6|0,6|0,6|0,6|0,6|0,6|0|0|0|0|0|0|0|0|1|0,6|1|0,6|0,6|0,6|0,6|0,6|0,6|0,2,6|0,6|0,6|0,6|0,6|0,6|0,6|0,6|0,6|0,6|0,6|0,6|0,6|0,6|0,6|0,6|0,6|0,6|0,6|0,6|0,6|0,6|0|0|0|0|1|0|3|0,1|0,1|0,1|0,1|0,1|0,1|0,1,2|0,1,6|0|0|0,6|0|0|0|0|0|0|0|0|0|0|0|0|0|0,6|0,6|0,6|0,6|0|0|0|0|1|0|1|0|0|0|0|0|0|0,2|0,6|0|0|0,6|0|0|0|0|0|0|0|0|0|0|0|0|0|0|0|0|0|0|0|0|0|1|0|1|0|0|0|0|0|0|0|0,6|0|0|0,6|0|0|0|0|0|0|0|0|0|0|0|0|0|0|0|0|0|0|0|0|0|1|0|1|0|0|0|0|0|0|0|0,6|0|0|0,6|0|0|0|0|0|0|0|0|0|0|0|0|0|0|0|0|0|0|0|0|0|1|0|1|0|0|0|0|0|0|0|0,6|0|0|0,6|0|0|0|0|0|0|0|0|0|0|0|0|0|0|0|0|0|0|0|0|0|1|0|1|0|0|0|0|0|0|0|0,6|0|0|0,6|0|0|0|0|0|0|0|0|0|0|0|0|0|0|0|0|0|0|0|0|0|1|0|1|0|0|0|0|0|0|0,2|0,6|0|0|0,6|0|0|0|0|0|0|0|0|0|0|0|0|0|1|0|0|0|0|1|0|0|1|1|1|0|0|1|0|0|1|0,2|1|0|0|0,6|0|0|0|0|0|0|0|0|0|0|0|0|0|1|1|1|0|1|1|0|0|1|0|1|0|0|1|1|0|1|4,3|1|1|1|1|2|0|0|0|0|0|0|0|0|0|0|0|0|1|1|1|0|1|1|0|0|1|0|1|0|0|1|1|0|1|1,3|1|1|1|1|1|0|0|0|0|0,2|0|0|0|0|0|0|0|1|1|1|1|1|1|0|0|1|0|1|0|0|1|1|1|1|1,3|1|1|1|1|1|0|0|0|0|0,2|0|0|0|0|0|0|0|1|1|1|1|1|1|0|0|1|0|1|0|0|1|1|1|1|1,3|1|1|1|1|1|0|0|0|0|0,2|0|0|0|0|0|0|0|1|1|1|1|1|1|0|0|1|0|1|0|0|1|1|1|1|1,3|1|1|1|1|1|0|0|0|0|0,2|0|0|0|0|0|0|0|1|1|1|1|1|1|2|0|1|0|1|0|2|1|1|1|1|1,3|1|1|1|1|1|0|0|0|0|0,2|0|0|0|0|0|0|0|1|1|1|1|1|1|1|0|1|0|1|0|1|1|1|1|1|1,3|1|1|1|1|1|0|0|0|0|0,2|0|0|0|0|0|0|0|1|1|1|1|1|1|1|0|1|0|1|0|1|1|1|1|1|1,3|1|1|1|1|1|0|0|0|0|0,2|0|0|0|0|0|0|0|1|1|1|1|1|1|1|0|1|0|1|0|1|1|1|1|1|1,3|1|1|1|1|1|0|0|0|0|0,2|0|0|0|0|0|0|0|1|1|1|1|1|1|1|0|1|0|1|0|1|1|1|1|1|1,3|1|1|1|1|1|0|0|0|0|0,2|0|0|0|0|0|0|0|1|1|1|1|1|1|2|0|1|0|1|0|2|1|1|1|1|1,3|1|1|1|1|1|0|0|0|0|0,2|0|0|0|0|0|0|0|1|1|1|1|1|1|0|0|1|0|1|0|0|1|1|1|1|1,3|1|1|1|1|1|0|0|0|0|0,2|0|0|0|0|0|0|0|1|1|1|1|1|1|0|0|1|0|1|0|0|1|1|1|1|1,3|1|1|1|1|1|0|0|0|0|0,2|0|0|0|0|0|0|0|1|1|1|1|1|1|0|0|1|0|1|0|0|1|1|1|1|1,3|1|1|1|1|1|2|0|0|0|0,2|0|0|0|0|0|0|0|1|1|1|1|1|1|0|0|1|0|1|0|0|1|1|1|1|1,3|1|1|1|1|1|1|0|0|0|0,2|0|0|0|0|0|0|0|1|1|1|1|1|1|0|0|1|0|1|0|0|1|1|1|1|1,3|1,3|1,3|1,3|1,3|4,3|0,1|0,1|0,1|0,1|0,1,2|0,1|0|0|0|0|0|0|1|1|1|1|1|1|0|0|1|0|1|0|0|1|1|1|1|1|1|1|1|1|1|1|0|0|0|0,2|0|0|0|0|0|0|0|1|1|1|1|1|1|0|0|1|0|1|0|0|1|1|1|1|1|1|1|1|1|1|1|0|0|0|0,2|0|0|0|0|0|0|0|1|1|1|1|1|1|0|0|1|0|1|0|0|1|1|1|1|1,5,3|1,3|1,3|1,3|1,3|4,3|0,1|0,1|0,1|0,1|0,1,2|0,1|0|0|0|0|0|0|1|1|1|1|1|1|0|0|1|0|1|0|0|1|1|1|1|1|1|1|1|1|1|1|0|0|0|0,2|0|0|0|0|0|0|0|1|1|1|1|1|1|0|0|1|0|1|0|0|1|1|1|1|1|1|1|1|1|1|2|0|0|0|0,2|0|0|0|0|0|0|0|1|1|1|1|1|1|0|0|1|0|1|0|0|1|1|1|1|1|1|1|1|1|1|0|0|0|0|0,2|0|0|0|0|0|0|0|1|1|1|1|1|1|0|0|1|0|1|0|0|1|1|1|1|1|1|1|1|1|1|0|0|0|0|0,2|0|0|0|0|0|0|0|1|1|1|1|1|1|2|0|1|0|1|0|2|1|1|1|1|1|1|1|1|1|1|0|0|0|0|0,2|0|0|0|0|0|0|0|1|1|1|1|1|1|1|0|1|0|1|0|1|1|1|1|1|1|1|1|1|1|1|0|0|0|0|0,2|0|0|0|0|0|0|0|1|1|1|1|1|1|1|0|1|0|1|0|1|1|1|1|1|1|1|1|1|1|1|0|0|0|0|0,2|0|0|0|0|0|0|0|1|1|1|1|1|1|1|0|1|0|1|0|1|1|1|1|1|1|1|1|1|1|1|0|0|0|0|0,2|0|0|0|0|0|0|0|1|1|1|1|1|1|1|0|1|0|1|0|1|1|1|1|1|1|1|1|1|1|1|0|0|0|0|0,2|0|0|0|0|0|0|0|1|1|1|1|1|1|2|0|1|0|1|0|2|1|1|1|1|1|1|1|1|1|1|0|0|0|0|0,2|0|0|0|0|0|0|0|1|1|1|1|1|1|0|0|1|0|1|0|0|1|1|1|1|1|1|1|1|1|1|0|0|0|0|0,2|0|0|0|0|0|0|0|1|1|1|1|1|1|0|0|1|0|1|0|0|1|1|1|1|1|1|1|1|1|1|0|0|0|0|0,2|0|0|0|0|0|0|0|1|1|1|1|1|1|0|0|1|0|1|0|0|1|1|1|1|1|1|1|1|1|1|2|0|0|0|0,2|0|0|0|0|0|0|0|1|1|1|1|1|1|0|0|1|0|1|0|0|1|1|1|1|1|1|1|1|1|1|1|0|0|0|0,2|0|0|0|0|0|0|0|1|1|1|1|1|1|0|0|1|0|1|0|0|1|1|1|1|1,5,3|1,3|1,3|1,3|1,3|4,3|0,1|0,1|0,1|0,1|0,2,1|0,1|0|0|0|0|0|0|1|1|1|1|1|1|0|0|1|0|1|0|0|1|1|1|1|1|1|1|1|1|1|1|0|0|0|0,2|0|0|0|0|0|0|0|1|1|1|1|1|1|0|0|1|0|1|0|0|1|1|1|1|1|1|1|1|1|1|1|0|0|0|0,2|0|0|0|0|0|0|0|1|1|1|1|1|1|0|0|1|0|1|0|0|1|1|1|1|1,3|1,3|1,3|1,3|1,3|4,3|0,1|0,1|0,1|0,1|0,1,2|0,1|0|0|0|0|0|0|1|1|1|1|1|1|0|0|1|0|1|0|0|1|1|1|1|1,3|1|1|1|1|1|1|0|0|0|0,2|0|0|0|0|0|0|0|1|1|1|1|1|1|0|0|1|0|1|0|0|1|1|1|1|1,3|1|1|1|1|1|2|0|0|0|0,2|0|0|0|0|0|0|0|1|1|1|1|1|1|0|0|1|0|1|0|0|1|1|1|1|1,3|1|1|1|1|1|0|0|0|0|0,2|0|0|0|0|0|0|0|1|1|1|1|1|1|0|0|1|0|1|0|0|1|1|1|1|1,3|1|1|1|1|1|0|0|0|0|0,2|0|0|0|0|0|0|0|1|1|1|1|1|1|2|0|1|0|1|0|2|1|1|1|1|1,3|1|1|1|1|1|0|0|0|0|0,2|0|0|0|0|0|0|0|1|1|1|1|1|1|1|0|1|0|1|0|1|1|1|1|1|1,3|1|1|1|1|1|0|0|0|0|0,2|0|0|0|0|0|0|0|1|1|1|1|1|1|1|0|1|0|1|0|1|1|1|1|1|1,3|1|1|1|1|1|0|0|0|0|0,2|0|0|0|0|0|0|0|1|1|1|1|1|1|1|0|1|0|1|0|1|1|1|1|1|1,3|1|1|1|1|1|0|0|0|0|0,2|0|0|0|0|0|0|0|1|1|1|1|1|1|1|0|1|0|1|0|1|1|1|1|1|1,3|1|1|1|1|1|0|0|0|0|0,2|0|0|0|0|0|0|0|1|1|1|1|1|1|2|0|1|0|1|0|2|1|1|1|1|1,3|1|1|1|1|1|0|0|0|0|0,2|0|0|0|0|0|0|0|1|1|1|1|1|1|0|0|1|0|1|0|0|1|1|1|1|1,3|1|1|1|1|1|0|0|0|0|0,2|0|0|0|0|0|0|0|1|1|1|1|1|1|0|0|1|0|1|0|0|1|1|1|1|1,3|1|1|1|1|1|0|0|0|0|0,2|0|0|0|0|0|0|0|1|1|1|1|1|1|0|0|1|0|1|0|0|1|1|1|1|1,3|1|1|1|1|1|0|0|0|0|0,2|0|0|0|0|0|0|0|1|1|1|0|1|1|0|0|1|0|1|0|0|1|1|0|1|1,3|1|1|1|1|1|0|0|0|0|0,2|0|0|0|0|0|0|0|1|1|1|0|1|1|0|0|1|0|1|0|0|1|1|0|1|4,3|1|1|1|1|2|0|0|0|0|0|0|0|0|0|0|0|0|1|0|0|0|0|1|0|0|1|0|1|0|0|1|0|0|1|0,2|1|0|0|0,6|0|0|0|0|0|0|0|0|0|0|0|0|0|0|0|0|0|0|0|0|0|1|0|1|0|0|0|0|0|0|0,2|0,6|0|0|0,6|0|0|0|0|0|0|0|0|0|0|0|0|0|0|0|0|0|0|0|0|0|1|0|1|0|0|0|0|0|0|0|0,6|0|0|0,6|0|0|0|0|0|0|0|0|0|0|0|0|0|0|0|0|0|0|0|0|0|1|0|1|0|0|0|0|0|0|0|0,6|0|0|0,6|0|0|0|0|0|0|0|0|0|0|0|0|0|0|0|0|0|0|0|0|0|1|0|1|0|0|0|0|0|0|0|0,6|0|0|0,6|0|0|0|0|0|0|0|0|0|0|0|0|0|0|0|0|0|0|0|0|0|1|0|1|2|0|0|0|0|0|0|0,6|0|0|0,6|0|0|0|0|0|0|0|0|0|0|0|0|0|0,6|0,6|0,6|0,6|0|0|0|0|1|0|1|1|0|0|0|0|0|0,2|0,6|0|0|0,6|0|0|0|0|0|0|0|0|0|0|0|0|0|0,6|0,6|0,6|0,6|0|0|0|0|1|0|1|1|0,1|0,1|0,1|0,1|0,1|0,1,2|0,1,2,6|0,1|0|0,6|0|0|0|0|0|0|0|0|0|0|0|0|0|0|0|0|0|0|0|0|0|1|0,6|1|1|0,6|0,6|0,6|0,6|0,6|0,2,6|0,6|0,6|0,6|0,6|0,6|0,6|0,6|0,6|0,6|0,6|0,6|0,6|0,6|0,6|0,6|0,6|0,6|0,6|0,6|0,6|0,6|0,6|0,6|0,6|0,6|1|0,6|1|2,6|0,6|0,6|0,6|0,6|0,6|0,6|0,6|0,6|0,6|0,6|0,6|0,6|0,6|0,6|0,6|0,6|0,6|0,6|0,6|0,6|0,6|0,6|0,6|0|0|0,6|0,6|0,6|0,6|0,6|0,6|1|0,6|1|0,6|0,6|0,6|0,6|0,6|0,6|0,6|0,6|0,6|0,6|0,6|0,6|0|0|0|0|0|0|0|0|0|0|0|0|0|0|0,6|0,6|0,6|0,6|0,6|0,6|1|0,6|1|0,6|0,6|0,6|0,6|0,6|0,6|0,6|0,6|0,6|0,6|0,6|0,6|0|0|0|0|0|0|0|0|0|0|0|0|0|0|0,6|0,6|0,6|0,6|0,6|0,6|1|0,6|1|0,6|0,6|0,6|0,6|0,6|0,6|0,6|0,6|0,6|0,6|0,6|0,6|0|0|0|0|0|0|0|0|0|0|0|0|0|0|0,6|0,6|0,6|0,6|0,6|0,6|1|0,6|1|2,6|0,6|0,6|0,6|0,6|0,6|0,6|0,6|0,6|0,6|0,6|0,6|0|0|0|0|0|0|0|0|0|0|0|0|0|0|0,6|0,6|0,6|0,6|0,6|0,6|1|0,6|1|1|0,6|0,6|0,6|0,6|0,6|0,2,6|0,6|0,6|0,6|0,6|0,6|0|0|0|0|0|0|0|0|0|0|0|0|0,6|0,6|0,6|0,6|0,6|0,6|0,6|0,6|1|0,6|1|1|0,1,6|0,1,6|0,1,6|0,1,6|0,1,6|0,1,2,6|0,1,2,6|0,1,6|0,6|0,6|0,6|0,6|0,6|0,6|0,6|0,6|0,6|0,6|0,6|0,6|0,6|0,6|0,6|0|0|0|0|0|0|0|0|1|0,6|1|1|0,6|0,6|0,6|0,6|0,6|0,2,6|0,6|0,6|0,6|0,6|0,6|0,6|0,6|0,6|0,6|0,6|0,6|0,6|0,6|0,6|0,6|0,6|0,6|0|0|0|0|0|0|0|0|1|0|1|2|0|0|0|0|0|0|0,6|0|0|0,6|0|0|0|0|0|0|0|0|0|0|0|0|0|0|0|0|0|0|0|0|0|1|0|1|0|0|0|0|0|0|0|0,6|0|0|0,6|0|0|0|0|0|0|0|0|0|0|0|0|0|0|0|0|0|0|0|0|0|1|0|1|0|0|0|0|0|0|0|0,6|0|0|0,6|0|0|0|0|0|0|0|0|0|0|0|0|0|0|0|0|0|0|0|0|0|1|0|1|0|0|0|0|0|0|0|0,6|0|0|0,6|0|0|0|0|0|0|0|0|0|0|0|0|0|0|0|0|0|0|0|0|0|1|0|1|0|0|0|0|0|0|0,2|0,6|0|0|0,6|0|0|0|0|0|0|0|0|0|0|0|0|0|1|0|0|0|0|1|0|0|1|0|1|0|0|1|0|0|1|0,2|1|0|0|0,6|0|0|0|0|0|0|0|0|0|0|0|0|0|1|1|1|0|1|1|0|0|1|0|1|0|0|1|1|0|1|4,3|1|1|1|1|2|0|0|0|0|0|0|0|0|0|0|0|0|1|1|1|0|1|1|0|0|1|0|1|0|0|1|1|4,3|1|1,3|1|1|1|1|1|0|0|0|0|0|0|0|0|0|0|0|0|1|1|1|1|1|1|0|0|1|0|1|0|0|1|1|1,3|1|1,3|1|1|1|1|1|0|0|0|0|0|0|0|0|0|0|0|0|1|1|1|1|1|1|0|0|1|0|1|0|0|1|1|1,3|1|1,3|1|1|1|1|1|0|0|0|0|0|0|0|0|0|0|0|0|1|1|1|1|1|1|0|0|1|0|1|0|0|1|1|1,9,3|1|1,3|1|1|1|1|1|0|0|0|0|0|0|0|0|0|0|0|0|1|1|1|1|1|1|2|0|1|0|1|0|2|1|1|1|1|1,3|1|1|1|1|1|0|0|0|0|0|0|0|0|0|0|0|0|1|1|1|1|1|1|1|0|1|0|1|0|1|1|1|1|1|1,3|1|1|1|1|1|0|0|0|0|0|0|0|0|0|0|0|0|1|1|1|1|1|1|1|0|1|0|1|0|1|1|1|1|1|1,3|1|1|1|1|1|0|0|0|0|0|0|0|0|0|0|0|0|1|1|1|1|1|1|1|0|1|0|1|0|1|1|1|1|1|1,3|1|1|1|1|1|0|0|0|0|0|0|0|0|0|0|0|0|1|1|1|1|1|1|1|0|1|0|1|0|1|1|1|1|1|1,3|1|1|1|1|1|0|0|0|0|0|0|0|0|0|0|0|0|1|1|1|1|1|1|2|0|1|0|1|0|2|1|1|1|1|1,3|1|1|1|1|1|0|0|0|0|0|0|0|0|0|0|0|0|1|1|1|1|1|1|0|0|1|0|1|0|0|1|1|1|1|1,3|1|1|1|1|1|0|0|0|0|0|0|0|0|0|0|0|0|1|1|1|1|1|1|0|0|1|0|1|0|0|1|1|1|1|1,3|1|1|1|1|1|0|0|0|0|0|0|0|0|0|0|0|0|1|1|1|1|1|1|0|0|1|0|1|0|0|1|1|1|1|1,3|1|1|1|1|1|2|0|0|0|0|0|0|0|0|0|0|0|1|1|1|1|1|1|0|0|1|0|1|0|0|1|1|1|1|1,3|1|1|1|1|1|1|0|0|0|0|0|0|0|0|0|0|0|1|1|1|1|1|1|0|0|1|0|1|0|0|1|1|1|1|1,3|1|1|1|1|1|1|0|0|0|0|0|0|0|0|0|0|0|1|1|1|1|1|1|0|0|1|0|1|0|0|1|1|1|1|1,3|1|1|1|1|1|1|0|0|0|0|0|0|0|0|0|0|0|1|1|1|1|1|1|0|0|1|0|1|0|0|1|1|1|1|1,3|1|1|1|1|1|1|0|0|0|0|0|0|0|0|0|0|0|1|1|1|1|1|1|0|0|1|0|1|0|0|1|1|1|1|1,3|1|1|1|1|1|1|0|0|0|0|0|0|0|0|0|0|0|1|1|1|1|1|1|0|0|1|0|1|0|0|1|1|1|1|1,3|1|1|1|1|1|1|0|0|0|0|0|0|0|0|0|0|0|1|1|1|1|1|1|0|0|1|0|1|0|0|1|1|1|1|1,3|1|1|1|1|1|2|0|0|0|0|0|0|0|0|0|0|0|1|1|1|1|1|1|0|0|1|0|1|0|0|1|1|1|1|1,3|1|1|1|1|1|0|0|0|0|0|0|0|0|0|0|0|0|1|1|1|1|1|1|0|0|1|0|1|0|0|1|1|1|1|1,3|1|1|1|1|1|0|0|0|0|0|0|0|0|0|0|0|0|1|1|1|1|1|1|2|0|1|0|1|0|2|1|1|1|1|1,3|1|1|1|1|1|0|0|0|0|0|0|0|0|0|0|0|0|1|1|1|1|1|1|1|0|1|0|1|0|1|1|1|1|1|1,3|1|1|1|1|1|0|0|0|0|0|0|0|0|0|0|0|0|1|1|1|1|1|1|1|0|1|0|1|0|1|1|1|1|1|1,3|1|1|1|1|1|0|0|0|0|0|0|0|0|0|0|0|0|1|1|1|1|1|1|1|0|1|0|1|0|1|1|1|1|1|1,3|1|1|1|1|1|0|0|0|0|0|0|0|0|0|0|0|0|1|1|1|1|1|1|1|0|1|0|1|0|1|1|1|1|1|1,3|1|1|1|1|1|0|0|0|0|0|0|0|0|0|0|0|0|1|1|1|1|1|1|2|0|1|0|1|0|2|1|1|1|1|1,3|1|1|1|1|1|0|0|0|0|0|0|0|0|0|0|0|0|1|1|1|1|1|1|0|0|1|0|1|0|0|1|1|1|1|1,3|1|1|1|1|1|0|0|0|0|0|0|0|0|0|0|0|0|1|1|1|1|1|1|0|0|1|0|1|0|0|1|1|1|1|1,3|1|1|1|1|1|0|0|0|0|0|0|0|0|0|0|0|0|1|1|1|1|1|1|0|0|1|0|1|0|0|1|1|1|1|1,3|1|1|1|1|1|2|0|0|0|0|0|0|0|0|0|0|0|1|1|1|1|1|1|0|0|1|0|1|0|0|1|1|1|1|1,3|1|1|1|1|1|1|0|0|0|0|0|0|0|0|0|0|0|1|1|1|1|1|1|0|0|1|0|1|0|0|1|1|1|1|1,3|1|1|1|1|1|1|0|0|0|0|0|0|0|0|0|0|0|1|1|1|1|1|1|0|0|1|0|1|0|0|1|1|1|1|1,3|1|1|1|1|1|1|0|0|0|0|0|0|0|0|0|0|0|1|1|1|1|1|1|0|0|1|0|1|0|0|1|1|1|1|1,3|1|1|1|1|1|1|0|0|0|0|0|0|0|0|0|0|0|1|1|1|1|1|1|0|0|1|0|1|0|0|1|1|1|1|1,3|1|1|1|1|1|1|0|0|0|0|0|0|0|0|0|0|0|1|1|1|1|1|1|0|0|1|0|1|0|0|1|1|1|1|1,3|1|1|1|1|1|1|0|0|0|0|0|0|0|0|0|0|0|1|1|1|1|1|1|0|0|1|0|1|0|0|1|1|1|1|1,3|1|1|1|1|1|2|0|0|0|0|0|0|0|0|0|0|0|1|1|1|1|1|1|0|0|1|0|1|0|0|1|1|1|1|1,3|1|1|1|1|1|0|0|0|0|0|0|0|0|0|0|0|0|1|1|1|1|1|1|0|0|1|0|1|0|0|1|1|1|1|1,3|1|1|1|1|1|0|0|0|0|0|0|0|0|0|0|0|0|1|1|1|1|1|1|2|0|1|0|1|0|2|1|1|1|1|1,3|1|1|1|1|1|0|0|0|0|0|0|0|0|0|0|0|0|1|1|1|1|1|1|1|0|1|0|1|0|1|1|1|1|1|1,3|1|1|1|1|1|0|0|0|0|0|0|0|0|0|0|0|0|1|1|1|1|1|1|1|0|1|0|1|0|1|1|1|1|1|1,3|1|1|1|1|1|0|0|0|0|0|0|0|0|0|0|0|0|1|1|1|1|1|1|1|0|1|0|1|0|1|1|1|1|1|1,3|1|1|1|1|1|0|0|0|0|0|0|0|0|0|0|0|0|1|1|1|1|1|1|1|0|1|0|1|0|1|1|1|1|1|1,3|1|1|1|1|1|0|0|0|0|0|0|0|0|0|0|0|0|1|1|1|1|1|1|2|0|1|0|1|0|2|1|1|1|1|1,3|1|1|1|1|1|0|0|0|0|0|0|0|0|0|0|0|0|1|1|1|1|1|1|0|0|1|0|1|0|0|1|1|1,9,3|1|1,3|1|1|1|1|1|0|0|0|0|0|0|0|0|0|0|0|0|1|1|1|1|1|1|0|0|1|0|1|0|0|1|1|1,3|1|1,3|1|1|1|1|1|0|0|0|0|0|0|0|0|0|0|0|0|1|1|1|1|1|1|0|0|1|0|1|0|0|1|1|1,3|1|1,3|1|1|1|1|1|0|0|0|0|0|0|0|0|0|0|0|0|1|1|1|0|1|1|0|0|1|0|1|0|0|1|1|4,3|1|1,3|1|1|1|1|1|0|0|0|0|0|0|0|0|0|0|0|0|1|1|1|0|1|1|0|0|1|0|1|0|0|1|1|0|1|4,3|1|1|1|1|2|0|0|0|0|0|0|0|0|0|0|0|0|1|0|0|0|0|1|0|0|1|0|1|0|0|1|0|0|1|0|1|0|0,2|0,6|0|0|0|0|0|0|0|0|0|0|0|0|0|0|0|0|0|0|0|0|0|1|0|1|0|0|0|0|0|0|0|0,6|0|0,2|0,6|0|0|0|0|0|0|0|0|0|0|0|0|0|0|0|0|0|0|0|0|0|1|0|1|0|0|0|0|0|0|0|0,6|0|0,2|0,6|0|0|0|0|0|0|0|0|0|0|0|0|0|0|0|0|0|0|0|0|0|1|0|1|0|0|0|0|0|0|0|0,6|0|0,2|0,6|0|0|0|0|0|0|0|0|0|0|0|0|0|0|0|0|0|0|0|0|0|1|0|1|0|0|0|0|0|0|0|0,6|0|0,2|0,6|0|0|0|0|0|0|0|0|0|0|0|0|0|0|0|0|0|0|0|0|0|1|0|1|0|0|0|0|0|0|0|0,6|0|0,2|0,6|0|0|0|0|0|0|0|0|0|0|0|0|0|0|0|0|0|0|0|0|0|1|0|1|0|0|0|0|0|0|0|0,6|0|0,2|0,6|0|0|0|0|0|0|0|0|0|0|0|0|0|0|0|0|0|0|0|0|0|1|0,6|1|0,6|0,6|0,6|0,6|0,6|0,6|0,6|0,6|0,6|0,2,6|0,6|0,6|0,6|0,6|0,6|0,6|0,6|0,6|0,6|0,6|0,6|0,6|0,6|0,6|0,6|0,6|0,6|0,6|0,6|0,6|0,6|0,6|1|0,6|1|0,6|0,6|0,6|0,6|0,6|0,6|0,6|0,6|0,6|0,2,6|0,6|0,6|0,6|0,6|0,6|0,6|0,6|0,6|0,6|0,6|0,6|0,6|0,6|0,6|0|0|0|0,6|0,6|0,6|0,6|0,6|1|0,6|1|0,6|0,6|0,6|0,6|0,6|0,6|0,6|0,6|0,6|0,2,6|0,6|0,6|0|0|0|0|0|0|0|0|0|0|0|0|0|0|0|0,6|0,6|0,6|0,6|0,6|1|0,6|1|0,6|0,6|0,6|0,6|0,6|0,6|0,6|1|1|1|1|1|1|1|1|1|1|1|1|1|1|1|1|1|0|0|0|0,6|0,6|0,6|0,6|0,6|1|0,6|1|0,6|0,6|0,6|0,6|0,6|0,6|0,6|1|1|1|1|1|1|1|1|1|1|1|1|1|1|1|1|1|0|0|0|0,6|0,6|0,6|0,6|0,6|1|0,6|1|0,6|0,6|0,6|0,6|0,6|0,6|0,6|1|1|1|1|1|1|1|1|1|1|1|1|1|1|1|1|1|0|0|0|0,6|0,6|0,6|0,6|0,6|1|0,6|1|0,6|0,6|0,6|0,6|0,6|0,6|0,6|1|1|1|1|1|1|1|1|1|1|1|1|1|1|1|1|1|0,6|0,6|0,6|0,6|0,6|0,6|0,6|0,6|1|0,6|1|0,6|0,6|0,6|0,6|0,6|0,6|0,6|0,6|0,6|0,2,6|0,6|0,6|0,6|0,6|0,6|0,6|0,6|0,6|0,6|0,6|0,6|0,6|0,6|0,6|0|0|0|0|0|0|0|0|1|0,6|1|0,6|0,6|0,6|0,6|0,6|0,6|0,6|0,6|0,6|0,2,6|0,6|0,6|0,6|0,6|0,6|0,6|0,6|0,6|0,6|0,6|0,6|0,6|0,6|0,6|0,6|0,6|0,6|0,6|0|0|0|0|1|0|1|0|0|0|0|0|0|0|0|0|0,2|0|0|0|0|0|0|0|0|0|0|0|0|0|0|0,6|0,6|0,6|0,6|0|0|0|0|1|0|1|0|0|0|0|0|0|0|0|0|0,2|0|0|0|0|0|0|0|0|0|0|0|0|0|0|0|0|0|0|0|0|0|0|1|0|1|0|0|0|0|0|0|0|0|0|0,2|0|0|0|0|0|0|0|0|0|0|0|0|0|0|0|0|0|0|0|0|0|0|1|0|1|0|0|0|0|0|0|0|0|0|0,2|0|0|0|0|0|0|0|0|0|0|0|0|0|0|0|0|0|0|0|0|0|0|1|0|1|0|0|0|0|0|0|0|0|0|0,2|0|0|0|0|0|0|0|0|0|0|0|0|0|0|0|0|0|0|0|0|0|0|1|0|1|0|0|0|0|0|0|0|0|0|0,2|0|0|0|0|0|0|0|0|0|0|0|0|0|0|1|0|0|0|0|1|0|0|1|0|1|0|0|1|0|0|1|0|1|0|0,2|0|0|0|0|0|0|0|0|0|0|0|0|0|0|1|1|1|0|1|1|0|0|1|0|1|0|0|1|1|0|1|4,3|1|1|1|1|2|0|0|0|0|0|0|0|0|0|0|0|0|1|1|1|0|1|1|0|0|1|0|1|0|0|1|1|0|1|1,3|1|1|1|1|1|0,6|0,6|0,6|0|0|0|0|0|0|0,6|0,6|0,6|1|1|1|1|1|1|0|0|1|0|1|0|0|1|1|1|1|1,3|1|1|1|1|1|0,6|0,6|0,6|0|0|0|0|0|0|0,6|0,6|0,6|1|1|1|1|1|1|0|0|1|0|1|0|0|1|1|1|1|1,3|1|1|1|1|1|0,6|0,6|0,6|0|0|0|0|0|0|0,6|0,6|0,6|1|1|1|1|1|1|0|0|1|0|1|0|0|1|1|1|1|1,3|1|1|1|1|1|0,6|0,6|0,6|0|0|0|0|0|0|0,6|0,6|0,6|1|1|1|1|1|1|2|0|1|0|1|0|2|1|1|1|1|1,3|1|1|1|1|1|0,6|0,6|0,6|0|0|0|0|0|0|0,6|0,6|0,6|1|1|1|1|1|1|1|0|1|0|1|0|1|1|1|1|1|1,3|1|1|1|1|1|0,6|0,6|0,6|0,6|0,6|0,6|0,6|0,6|0,6|0,6|0,6|0,6|1|1|1|1|1|1|1|0|1|0|1|0|1|1|1|1|1|1,3|1|1|1|1|1|0,6|0,6|0,6|0,6|0,6|0,6|0,6|0,6|0,6|0,6|0,6|0,6|1|1|1|1|1|1|1|0|1|0|1|0|1|1|1|1|1|1,3|1|1|1|1|1|0,6|0,6|0,6|0,6|0,6|0,6|0,6|0,6|0,6|0,6|0,6|0,6|1|1|1|1|1|1|1|0|1|0|1|0|1|1|1|1|1|1,3|1|1|1|1|1|0,6|0,6|0,6|0|0|0|0|0|0|0,6|0,6|0,6|1|1|1|1|1|1|2|0|1|0|1|0|2|1|1|1|1|1,3|1|1|1|1|1|0,6|0,6|0,6|0|0|0|0|0|0|0,6|0,6|0,6|1|1|1|1|1|1|0|0|1|0|1|0|0|1|1|1|1|1,3|1|1|1|1|1|0,6|0,6|0,6|0|0|0|0|0|0|0,6|0,6|0,6|1|1|1|1|1|1|0|0|1|0|1|0|0|1|1|1|1|1,3|1|1|1|1|1|0,6|0,6|0,6|0|0|0|0|0|0|0,6|0,6|0,6|1|1|1|1|1|1|0|0|1|0|1|0|0|1|1|1|1|1,3|1|1|1|1|1|0,6|0,6|0,6|0|0|0|0|0|0|0,6|0,6|0,6|1|1|1|1|1|1|0|0|1|0|1|0|0|1|1|1|1|1,3|1|1|1|1|1|0,6|0,6|0,6|0|0|0|0|0|0|0,6|0,6|0,6|1|1|1|1|1|1|0|0|1|0|1|0|0|1|1|1|1|1,3|1|1|1|1|1|0,6|0,6|0,6|0|0|0|0|0|0|0,6|0,6|0,6|1|1|1|1|1|1|0|0|1|0|1|0|0|1|1|1|1|1,3|1|1|1|1|1|0,6|0,6|0,6|0|0|0|0|0|0|0,6|0,6|0,6|1|1|1|1|1|1|0|0|1|0|1|0|0|1|1|1|1|1,3|1|1|1|1|1|0,6|0,6|0,6|0|0|0|0|0|0|0,6|0,6|0,6|1|1|1|1|1|1|0,6|0,6|1|0,6|1|0,6|0,6|1|1|1|1|1,4,3|1|1|1|1|1|0,6|0,6|0,6|0,6|0,6|0,6|0,6|0,6|0,6|0,6|0,6|0,6|1|1|1|1|1|1|0,6|0,6|1|0,6|1|0,6|0,6|1|1|1|1|1|1|1|1|1|1|0,6|0,6|0,6|0,6|0,6|0,6|0,6|0,6|0,6|0,6|0,6|0,6|1|1|1|1|1|1|0,6|0,6|1|0,6|1|0,6|0,6|1|1|1|1|1|1|1|1|1|1|0,6|0,6|0,6|0,6|0,6|0,6|0,6|0,6|0,6|0,6|0,6|0,6|1|1|1|1|1|1|0,6|0,6|1|0,6|1|0,6|0,6|1|1|1|1|1|1|1|1|1|1|0,6|0,6|0,6|0|0|0|0|0|0|0,6|0,6|0,6|1|1|1|1|1|1|0,6|0,6|1|0,6|1|0|0|1|1|1|1|1|1|1|1|1|1|0,6|0,6|0,6|0|0|0|0|0|0|0,6|0,6|0,6|1|1|1|1|1|1|2,6|0,6|1|0,6|1|0|2|1|1|1|1|1|1|1|1|1|1|0,6|0,6|0,6|0|0|0|0|0|0|0,6|0,6|0,6|1|1|1|1|1|1|1|0,6|1|0,6|1|0|1|1|1|1|1|1|1|1|1|1|1|0,6|0,6|0,6|0|0|0|0|0|0|0,6|0,6|0,6|1|1|1|1|1|1|1|0,6|1|0,6|1|0|1|1|1|1|1|1|1|1|1|1|1|0,6|0,6|0,6|0|0|0|0|0|0|0,6|0,6|0,6|1|1|1|1|1|1|1|0,6|1|0,6|1|0|1|1|1|1|1|1|1|1|1|1|1|0,6|0,6|0,6|0|0|0|0|0|0|0,6|0,6|0,6|1|1|1|1|1|1|1|0,6|1|0,6|1|0|1|1|1|1|1|1|1|1|1|1|1|0,6|0,6|0,6|0|0|0|0|0|0|0,6|0,6|0,6|1|1|1|1|1|1|2,6|0,6|1|0,6|1|0|2|1|1|1|1|1|1|1|1|1|1|0,6|0,6|0,6|0|0|0|0|0|0|0,6|0,6|0,6|1|1|1|1|1|1|0,6|0,6|1|0,6|1|0|0|1|1|1|1|1|1|1|1|1|1|0,6|0,6|0,6|0|0|0|0|0|0|0,6|0,6|0,6|1|1|1|1|1|1|0,6|0,6|1|0,6|1|0|0|1|1|1|1|1|1|1|1|1|1|0,6|0,6|0,6|0,6|0,6|0,6|0,6|0,6|0,6|0,6|0,6|0,6|1|1|1|1|1|1|0,6|0,6|1|0,6|1|0|0|1|1|1|1|1|1|1|1|1|1|0,6|0,6|0,6|0,6|0,6|0,6|0,6|0,6|0,6|0,6|0,6|0,6|1|1|1|1|1|1|0,6|0,6|1|0,6|1|0|0|1|1|1|1|1|1|1|1|1|1|0,6|0,6|0,6|0,6|0,6|0,6|0,6|0,6|0,6|0,6|0,6|0,6|1|1|1|1|1|1|0,6|0,6|1|0,6|1|0|0|1|1|1|1|1|1|1|1|1|1|0,6|0,6|0,6|0|0|0|0|0|0|0,6|0,6|0,6|1|1|1|1|1|1|0,6|0,6|1|0,6|1|0,6|0|1|1|1|1|1|1|1|1|1|1|0,6|0,6|0,6|0|0|0|0|0|0|0,6|0,6|0,6|1|1|1|1|1|1|0,6|0,6|1|0,6|1|0,6|0|1|1|1|1|1|1|1|1|1|1|0,6|0,6|0,6|0|0|0|0|0|0|0,6|0,6|0,6|1|1|1|1|1|1|0,6|0,6|1|0,6|1|0,6|0,6|1|1|1|1|1|1|1|1|1|1|0,6|0,6|0,6|0|0|0|0|0|0|0,6|0,6|0,6|
