GATE_SI_CC: 1174,1017,48,35
GATE_SI_LF: 242,40,48,35
SI_S03: 215,10,48,35
SI_A07: 618,1227,48,35
SI_A06: 617,1186,48,35
SI_B04: 617,1103,48,78
SI_B02: 586,1062,104,35
SI_C07: 141,988,54,120
SI_C02: 88,950,168,35
SI_C01: 268,944,162,40
SI_C04: 432,944,158,40
SI_D01: 585,960,104,84
SI_C03: 691,1005,158,40
SI_B01: 853,1006,110,37
SI_A20: 858,1641,48,35
SI_A21: 905,1641,48,35
SI_D03: 966,1009,204,40
SI_A17: 93,1585,48,35
SI_S04: 194,1549,48,35
SI_A18: 195,1584,48,35
SI_C05: 141,1499,54,120
SI_A28: 161,1461,48,35
SI_A27: 612,1606,48,35
SI_S05: 576,1605,48,35
SI_C06: 644,1521,48,120
SI_B10: 591,1535,54,78
SI_B09: 584,874,110,37
SI_A02: 519,209,54,35
SI_A23: 460,210,48,35
SI_C08: 298,204,158,80
SI_D05: 189,239,110,78
SI_B11: 139,239,48,78
SI_D06: 73,207,204,35
SI_B12: 17,284,56,80
SI_B03: 18,205,55,78
SI_C09: 10,75,70,120
SI_D07: 89,76,120,78
SI_B13: 219,76,55,78
SI_test01: 196,877,68,35
SI_transition: 211,842,48,35
SI_pipe: 191,799,48,35
GATE_SI_ET: 201,752,48,35
GATE_SI_VS: 1043,43,48,35
SI_A30: 640,1481,48,35
SI_B15: 591,1435,48,72
SI_B16: 587,767,101,35
SI_D09: 709,168,48,152
SI_A31: 710,129,48,35
SI_S06: 633,1440,48,35
SI_SAINTINTRO: 28,1544,66,118
SI_A03x: 982,346,48,35
SI_C01x: 819,346,162,35
SI_C06x: 656,351,162,35
SI_B07x: 698,410,48,75
SI_B02x: 516,351,109,35
SI_A08x: 435,351,48,35
SI_A09x: 436,1622,48,35
SI_F01: 990,101,151,72
SI_D08: 784,131,198,45
